0
0.005
0.015
0.02
0.025
0.04
0.05
0.1
0.2
0.5
1
1.21
2.2
3
3.3
4.7
4.99
5.6
8.2
10
12.1
22
25.5
30.1
35.7
36.5
37.4
39.2
40.2
43
43.2
44.2
45.3
46.4
47.5
49.9
51.1
52.3
56
62
75
100
120
130
150
200
220
240
267
270
301
330
332
340
402
499
649
732
750
1000
1050
1300
1690
2150
2200
2210
2490
2700
2740
2870
3090
3300
3400
3650
4320
4700
4990
5230
5360
5760
6200
6810
7150
8060
8660
9310
9310
10000
12100
15000
16200
16900
17400
20000
21000
22100
23700
24900
26700
28700
29400
30000
30100
33200
36500
42200
43200
47000
47500
48700
51100
59000
63400
64900
66500
68100
69800
73200
76800
78700
80600
86600
100000
124000
133000
158000
169000
187000
196000
200000
210000
243000
249000
301000
316000
374000
422000
430000
453000
487000
511000
750000
1000000
1370000
3900000
10000000