0
0.5
4.99
10
12.1
22
51.1
75
100
130
200
240
267
270
301
332
499
750
1000
2150
2200
2210
2490
2700
3090
3300
3400
3570
3650
4320
4700
4990
5360
5760
6200
6810
7150
8660
9310
10000
12100
16900
17400
20000
21000
22100
24900
26700
28700
29400
30000
30100
33200
36500
42200
43200
47000
47500
48700
51100
53600
59000
63400
64900
66500
69800
73200
76800
78700
80600
86600
93100
100000
124000
133000
158000
169000
187000
196000
200000
210000
243000
249000
301000
316000
374000
422000
430000
453000
510000
511000
750000